% --- Target positions ---
function positions=get_positions()
  positions = [
      0.30, 0.00, 0.3;
      0.15, 0.15, 0.025;
      0.2,  0.18, 0.1;
      0.2,  0.18, 0.0001;
      0.25, 0.16, 0.1;
      0.25, 0.16, 0.0001;
      0.2, -0.18, 0.1;
      0.2, -0.18, 0.008;
      0.2, -0.18, 0.018;
      0.2, -0.18, 0.028
  ]
end
