function positions=get_positions()
  positions = [
      0.30, 0.00, 0.3; % middle
      0.15, 0.15, 0.1; % above 15
      0.15, 0.15, 0.012; % 15
      0.30, 0.00, 0.3; % middle
      0.2, -0.18, 0.1; % above stack
      0.2, -0.18, 0.008; % stack 1
      0.2,  0.18, 0.1; % above 18
      0.2,  0.18, 0.0016; % 18
      0.30, 0.00, 0.3; % middle
      0.2, -0.18, 0.1; % above stack
      0.2, -0.18, 0.018; % stack 2
      0.25, 0.16, 0.1; % above 16
      0.25, 0.16, 0.013; % 16
      0.30, 0.00, 0.3; % middle
      0.2, -0.18, 0.1; % above stack
      0.2, -0.18, 0.028 % stack 3
  ];
end
